hyrdraulic residence times	pH probe (pH)
	
3.561E-07	7.772233486
0.001179494	7.751938343
0.002356272	7.770546913
0.00353306	7.768431187
0.004712229	7.775296688
0.004714589	7.775782108
0.007065357	7.764830589
0.008243386	7.753015518
0.009422524	8.756620407
0.010599363	7.986354351
0.010601723	7.986289024
0.0129542	7.885869026
0.014130988	7.846839428
0.015310126	7.847853184
0.016486935	7.817345619
0.017664933	7.840315342
0.018843044	7.842072964
0.019970507	7.80463171
0.021196701	7.801819801
0.022375839	7.799207687
0.023551599	7.799724102
0.024730727	7.882464886
0.025907515	7.930128574
0.027084303	7.468625069
0.028263492	7.738616467
0.028265883	7.738916874
0.03061832	7.690025806
0.031795097	7.663560867
0.032971885	7.686630249
0.034151054	7.748484612
0.034153404	7.748523235
0.036505393	7.715498924
0.037682181	7.614221573
0.038861655	7.654922009
0.040040854	7.706568241
0.041216584	7.707858563
0.042393371	7.685552597
0.043570231	7.712341785
0.044749369	7.717716217
0.045926157	7.651506901
0.047104756	7.652611733
0.048282714	7.662332058
0.049459501	7.640181541
0.050636289	7.654859543
0.05181322	7.620822907
0.052992429	7.614960671
0.054169217	7.612186909
0.055346239	7.591201305
0.056525377	7.614827156
0.057702185	7.598552227
0.058883023	7.463094235
0.06005628	7.571281433
0.061235418	7.621838093
0.062412206	7.579494953
0.063589035	7.523526192
0.064768407	7.505326271
0.065945673	7.537341118
0.067122451	7.527824402
0.068299239	7.484940052
0.069478387	7.470711231
0.069480747	7.470849514
0.071832461	7.485816479
0.073011599	7.457212925
0.074188377	7.422590256
0.075367668	7.473955631
0.076544161	7.453633785
0.077720939	7.47228241
0.078897726	7.426093102
0.080076865	7.413566589
0.081253714	7.403933525
0.08243041	7.453117371
0.083609548	7.417644978
0.084786336	7.388677597
0.085963124	7.360828877
0.087142313	7.393679142
0.087144816	7.394208908
0.08949774	7.374352455
0.090674966	7.353660584
0.091851754	7.36255455
0.093028542	7.398010254
0.094206917	7.378631115
0.095384234	7.317327499
0.096563372	7.327619076
0.09774016	7.32383728
0.098917172	7.344874382
0.098919522	7.345053196
0.101272304	7.305512428
0.102450272	7.314619064
0.10362705	7.30265379
0.104804347	7.3102355
0.104806707	7.310708523
0.107160649	7.298073769
0.108337529	7.228874207
0.109516657	7.253493786
0.110693902	7.240829945
0.110696253	7.241139412
0.113049513	7.26178503
0.114225131	7.301978588
0.115404259	7.270828247
0.116581057	7.339856625
0.117759167	7.228671551
0.118935955	7.277367115
0.120112743	7.235341072
0.121291881	7.329513073
0.122468791	7.376272202
0.122471142	7.374895096
0.124824148	7.390042305
0.126000936	7.388872623
0.127180389	7.318734646
0.128358347	7.299265862
0.129533538	7.307602406
0.130712676	7.378764629
0.131889464	7.281220436
0.133066333	7.329387188
0.134245532	7.218413353
0.134248025	7.21872139
0.136599993	7.282554627
0.137777951	7.33099556
0.138954739	7.246457577
0.140131547	7.355553627
0.141309668	7.331332684
0.142488806	7.262566567
0.143665594	7.273262501
0.144842382	7.15017271
0.14602152	7.203728676
0.14602387	7.204400063
0.148375879	7.139172554
0.149552667	7.12132597
0.150731795	7.141266346
0.151908593	7.080756664
0.151910934	7.081481457
0.154262881	7.094595909
0.155440839	7.175420761
0.156619978	7.117181778
0.157796816	7.096463203
0.157799248	7.096206188
0.160151196	7.094133854
0.161327984	7.094287396
0.162507122	7.105144501
0.16368391	7.072304726
0.164861552	7.148694038
0.166038737	7.144321442
0.167217875	7.08513689
0.168394653	7.048553944
0.169571502	7.111586571
0.170749236	7.225084782
0.171928456	7.14148283
0.173105244	7.061100006
0.174282031	7.088062286
0.17546117	7.062615395
0.176638222	7.066702843
0.17781501	7.075140476
0.178991788	7.04428196
0.180170926	7.010655403
0.181347714	7.065972805
0.182526313	7.069442272
0.183703101	7.02276659
0.184880743	6.969668388
0.186059047	6.976377487
0.187235855	7.014484406
0.188413406	7.013693333
0.189590194	7.021624088
0.19075054	6.991642475
0.19194846	7.011559486
0.193126032	6.974853039
0.193128382	6.975261688
0.195479119	6.988794804
0.196655887	7.048622608
0.197835025	6.966974735
0.199011833	6.960941315
0.200189465	6.953724384
0.201366396	6.947733879
0.202545503	6.961031914
0.203722291	6.989462853
0.20489912	6.956148148
0.206076793	6.981611729
0.207253795	6.994780064
0.208432933	6.983870506
0.209609721	6.968172073
0.210786519	6.950701714
0.21078891	6.95069027
0.213143096	6.958314419
0.214319884	6.977050781
0.215496997	6.926886082
0.216676136	6.930927753
0.216678486	6.931818962
0.219030902	6.946875572
0.22020769	6.929389954
0.221386828	6.892994881
0.222563646	6.912657261
0.222565986	6.911434174
0.22491943	6.928985119
0.226096197	6.893650055
0.227272985	6.902170658
0.228452123	6.927721024
0.229628199	6.920550346
0.230805323	6.876418591
0.231984461	6.885367394
0.233161249	6.925379753
0.234338098	6.91601944
0.235517317	6.912260056
0.236696456	6.913216591
0.237870893	6.945504665
0.239050235	7.004108906
0.240227603	6.877585888
0.241404157	6.908497334
0.242583295	6.853889465
0.243760368	6.940832138
0.244937155	6.913947582
0.246113943	7.000677586
0.247293468	6.910887241
0.248469086	6.924853802
0.249648265	6.909677029
0.250825053	6.981486321
0.252001861	6.984781742
0.253180134	6.913460255
0.254357146	6.952180386
0.255536295	7.036345482
0.256713296	6.983565331
0.257892444	6.907307625
0.259068103	6.937689304
0.260244891	7.025384426
0.261422849	7.014940739
0.262603157	6.879098892
0.263777605	6.898170948
0.26495657	6.973194122
0.266134589	6.979019642
0.267309027	6.892542362
0.26848963	6.951124191
0.269668799	6.948702335
0.270842901	6.944549084
0.272022039	6.896399975
0.273201411	6.885953426
0.274375849	6.930366516
0.275555048	7.016843796
0.275557388	7.017524242
0.277909702	6.883206368
0.27908649	6.969930649
0.280263563	6.982343197
0.281442711	6.872668266
0.281445051	6.872167587
0.283799248	6.901907444
0.284976035	6.961071014
0.286151643	6.903436184
0.287330781	6.875808239
0.287333142	6.875257492
0.289685639	6.826620102
0.290862427	6.854349136
0.292041565	6.842818737
0.293218434	6.809563637
0.293220785	6.809139252
0.295572031	6.849995613
0.29675126	6.876730442
0.297928048	6.839007378
0.299104836	6.828695774
0.300282723	6.869761467
0.301459999	6.857671738
0.302639137	6.924686909
0.303817167	6.789946556
0.30499426	6.831582546
0.306171241	6.861488342
0.307348029	6.85432291
0.308527665	6.839213848
0.309704453	6.781826496
0.310883642	6.866073608
0.31205808	6.868525982
0.313237218	6.844103336
0.314414006	6.776819229
0.315593134	6.832914829
0.316769953	6.86792326
0.317948501	6.816831589
0.319125339	6.835858822
0.320302127	6.729072094
0.321478915	6.80691433
0.322658053	6.838741303
0.32383476	6.867884159
0.325011629	6.739874363
0.326190767	6.767752171
0.327367555	6.798134327
0.328546724	6.801346302
0.329722922	6.739194393
0.33089971	6.783931732
0.332077078	6.745128155
0.333256216	6.807751656
0.334433146	6.783994198
0.335611786	6.724244595
0.336788574	6.751110554
0.337965361	6.845010757
0.3391445	6.902050018
0.340321288	6.770458698
0.340323638	6.76954031
0.342677509	6.725249291
0.343853167	6.81441927
0.345032305	6.774045467
0.346211535	6.79568243
0.347387682	6.716538429
0.34856447	6.731753349
0.349741787	6.783431053
0.350920925	6.820538521
0.352097744	6.757424831
0.353274969	6.68083477
0.354451757	6.842905045
0.355628545	6.8428545
0.356807673	6.658940315
0.357985142	6.625362873
0.357987503	6.624741554
0.360340132	6.676909447
0.36151927	6.646162033
0.362694054	6.619750023
0.363873213	6.607848644
0.365049716	6.6469841
0.366228854	6.789805412
0.367405642	6.98110199
0.368582419	6.61931181
0.369761558	6.673706532
0.370937877	6.740715981
0.372114665	6.66188097
0.373293804	6.67117691
0.374471761	6.608942986
0.375649394	6.70437336
0.376826884	6.649464607
0.378003	6.673969269
0.379182138	6.633009911
0.380358926	6.608891964
0.381538176	6.666398525
0.381540527	6.666572094
0.383892739	6.498495102
0.385068347	6.668352127
0.386247505	6.640947342
0.387426623	6.73022747
0.388601661	6.679853916
0.389778449	6.707936287
0.390958086	6.625998497
0.392134863	6.659392357
0.393311672	6.748332501
0.39448905	6.668382645
0.395666265	6.60280323
0.396845403	6.604899883
0.398022191	6.653377056
0.39920139	6.644452572
0.400377354	6.619600773
0.40155461	6.725264072
0.402733738	6.687544346
0.403910526	6.629396915
0.405089959	6.558037758
0.406265699	6.595038891
0.407442487	6.596364021
0.408621615	6.641480923
0.409799023	6.626233101
0.410975811	6.583790302
0.412153138	6.583667278
0.413329926	6.553461552
0.414509064	6.60422945
0.415687053	6.593085766
0.416863851	6.568361759
0.418041433	6.501199722
0.419218393	6.575117588
0.420397532	6.588531494
0.421574319	6.510884285
0.4227536	6.492582798
0.423929299	6.590633869
0.425106392	6.560699463
0.42628374	6.631340504
0.427462868	6.535443306
0.428639676	6.513109684
0.429818204	6.559060574
0.430995033	6.624204636
0.432174171	6.535171032
0.433350959	6.514834881
0.434527767	6.598092079
0.434530127	6.598279476
0.436883723	6.568058491
0.438060511	6.559602737
0.439237299	6.546234608
0.440416437	6.598195553
0.441592096	6.593250752
0.442771336	6.542313099
0.443948124	6.498392105
0.445124535	6.603187561
0.446303714	6.577754498
0.447480034	6.561083317
0.448659345	6.447755814
0.449836133	6.576498032
0.451014091	6.608255386
0.452193249	6.53268671
0.452195712	6.534249306
0.452195712	6.534249306
0.455724193	6.543823719
0.456902161	6.524480343
0.458079173	6.487424851
0.459255534	6.466192246
0.460434672	6.496444225
0.46161146	6.507864952
0.462788248	6.503076553
0.463967487	6.436291218
0.465143502	6.5041008
0.46632264	6.496479988
0.467499428	6.434360981
0.468676206	6.417442322
0.469855425	6.483517647
0.469857776	6.481473923
0.472209693	6.477492333
0.473386481	6.443842411
0.474565996	6.471460342
0.475745297	6.509300232
0.475745297	6.509300232
0.478098313	6.471476078
0.479275162	6.467596531
0.48045312	6.493254662
0.481629999	6.557967663
0.482808222	6.362763882
0.48398501	6.433490753
0.485164148	6.467278004
0.486341037	6.489584923
0.487517825	6.438528061
0.488695264	6.392624378
0.489874759	6.365675449
0.491051547	6.471504688
0.492228334	6.411684513
0.493407493	6.427273274
0.493409843	6.427955627
0.495760713	6.427630425
0.496939851	6.329342842
0.498116639	6.343183041
0.499295807	6.409197331
0.500471965	6.361468315
0.501649933	6.315786839
0.50282671	6.314702511
0.504003498	6.354040146
0.505183074	6.427663803
0.506359821	6.33684969
0.50753669	6.421443462
0.508715859	6.345680237
0.509892617	6.350380421
0.511071785	6.40275383
0.512248003	6.367920876
0.513425208	6.319134712
0.514601996	6.333517075
0.515781135	6.350324154
0.516960273	6.336624622
0.518135718	6.330061913
0.519312719	6.365507126
0.520489507	6.314732075
0.521668635	6.30593729
0.522847946	6.348279953
0.522850429	6.347940445
0.525202987	6.38367939
0.526377425	6.338633537
0.527556563	6.42265749
0.528735742	6.341922283
0.529911421	6.405988693
0.531088209	6.382421017
0.532267347	6.370310307
0.533444135	6.30624485
0.534620953	6.393500805
0.535799593	6.387264729
0.536976381	6.374269486
0.53815324	6.288612366
0.539332378	6.292798996
0.540509186	6.365186214
0.541687531	6.358131409
0.542864787	6.379676819
0.544041575	6.304610252
0.545220713	6.383457184
0.546397521	6.370791435
0.546399861	6.370893955
0.548751992	6.348739624
0.549929187	6.381565571
0.551108325	6.322357178
0.552287474	6.308577538
0.552287474	6.308577538
0.554639767	6.249813557
0.555819007	6.197520733
0.556995795	6.199446201
0.558172644	6.19060564
0.559349666	6.301126957
0.560528794	6.202792168
0.561705582	6.238939285
0.56288237	6.25533247
0.564061539	6.296824932
0.565238876	6.257504463
0.566416844	6.227756977
0.567593632	6.235310078
0.568770867	6.284106255
0.569948083	6.245185375
0.569950433	6.245229721
0.572304243	6.266867161
0.57348102	6.320162773
0.574658989	6.384188652
0.575835787	6.325755119
0.575838127	6.31013298
0.578192405	6.306936741
0.579369193	6.389535904
0.580548321	6.316061974
0.581725261	6.344843388
0.581727611	6.344617367
0.584079651	6.310747623
0.585256439	6.271596909
0.586435668	6.321888447
0.587612609	6.311989307
0.588791228	6.306630611
0.589968006	6.240829468
0.591144794	6.320234299
0.592324034	6.312810421
0.593500852	6.213157177
0.593503202	6.213926315
0.593503202	6.213926315
0.597033017	6.195115566
0.598209805	6.202112675
0.599389686	6.212898731
0.599392056	6.210545063
0.601744757	6.207250595
0.602921545	6.218707562
0.604098333	6.193044186
0.605277471	6.14541626
0.605279821	6.144489765
0.605279821	6.144489765
0.60880991	6.196396828
0.609986698	6.158370495
0.611165857	6.243084908
0.612343001	6.174164295
0.613519789	6.135537624
0.614696576	6.13557148
0.615875715	6.120326519
0.617052533	6.134088039
0.617054883	6.13477993
0.619406496	6.104901791
0.620585634	6.121482849
0.621762422	6.133541107
0.62293922	6.11116457
0.624118877	6.089485169
0.625295665	6.110653877
0.626472453	6.11409092
0.62764923	6.06761694
0.628828399	6.131547928
0.6300077	5.973169804
0.631183318	6.134296894
0.632361276	6.064375877
0.633538064	6.086443901
0.634715869	6.096345425
0.635892962	6.085653782
0.6370721	6.064552784
0.638248888	6.04907465
0.639425747	6.056695938
0.640602586	6.062448978
0.641780992	6.080646515
0.64295895	6.040448666
0.644137009	6.029172421
0.645314815	6.072169781
0.646492712	6.039353848
0.647669042	6.035433292
0.64884586	6.012510777
0.650023594	6.087629318
0.651202732	6.05828476
0.652379103	6.052997112
0.652381423	6.052108765
0.654733798	6.032120705
0.655912936	6.067374229
0.657089297	6.028137207
0.658267295	6.044512272
0.659444684	6.028289795
0.660621472	6.078380108
0.661800935	6.010103703
0.662977042	6.005681992
0.664155854	6.034822464
0.664158204	6.03383112
0.666510091	6.002944946
0.6676869	6.023029327
0.668866017	6.05450201
0.670042805	6.01365757
0.670045155	6.013391018
0.672397388	6.039388657
0.673576526	5.969972134
0.674753996	6.015561581
0.675930784	5.985682011
0.677108315	6.013714314
0.678285102	5.994035721
0.679464241	5.971606255
0.680641029	5.927178383
0.68181801	6.003678322
0.682996955	5.973948479
0.684173743	6.00850153
0.68535053	5.975507736
0.686529669	5.95857811
0.687707393	5.959687233
0.688885045	5.989145756
0.690061833	5.946408749
0.691238621	5.980087757
0.692417759	5.953397274
0.693594568	5.946547031
0.69477336	5.929796696
0.695950148	5.953855038
0.697126936	5.917125225
0.698306114	5.955092907
0.699481946	5.961684704
0.699484296	5.962016583
0.701838849	5.94691658
0.703015637	5.963359833
0.704192425	5.926941395
0.705372478	6.025195599
0.70654887	6.60007143
0.707726176	6.734807015
0.708902964	5.941123009
0.710079752	5.94111824
0.71125889	5.9368577
0.711261241	5.936450481
0.713613595	5.922972202
0.714790404	5.888492584
0.715967599	5.899465561
0.717146757	5.917655468
0.717149118	5.918744087
0.719501767	5.891172886
0.720678555	5.905525208
0.721856513	5.848662853
0.723033301	5.86824894
0.723035651	5.868509293
0.725389044	5.870753288
0.726566259	5.872089386
0.727745398	5.828626633
0.728922185	5.825496197
0.730099065	5.857313633
0.731278193	5.826482296
0.732455174	5.833193779
0.733631962	5.824956417
0.734809859	5.858156204
0.735988356	5.850943565
0.737167494	5.8515625
0.738341932	5.824370384
0.73951989	5.810815811
0.740699079	5.846111774
0.741875094	5.796660423
0.743051993	5.811843395
0.744231132	5.84496975
0.745407919	5.840957642
0.746584789	5.821887493
0.7477641	5.792805672
0.748943238	5.788395405
0.750117676	5.804219246
0.751297007	5.81768322
0.752474548	5.808964253
0.752476888	5.80771637
0.754829365	5.845108509
0.756006489	5.815158367
0.757183277	5.810862541
0.758362435	5.806408882
0.759538928	5.845160484
0.760715685	5.783106804
0.761894824	5.800409794
0.763071611	5.807116985
0.764248399	5.861742497
0.765429328	5.720071793
0.766604946	5.811191082
0.767781724	5.791172028
0.768960862	5.813747406
0.770137986	5.787559986
0.771314224	5.78013134
0.772493403	5.805042267
0.773670191	5.818620205
0.774848159	5.846853256
0.776025059	5.812788963
0.776027409	5.813726902
0.77838131	5.788188458
0.779558098	5.784281731
0.780736056	5.793131828
0.781912854	5.790090561
0.783091138	5.710336208
0.784267936	5.776763439
0.785447054	5.775673866
0.786623842	5.75518322
0.787800508	5.707001686
0.788977794	5.752543926
0.790156932	5.733447075
0.791336091	5.762356281
0.792511709	5.750585079
0.793688507	5.750823975
0.794866963	5.761780262
0.796043751	5.78857851
0.797220539	5.753957272
0.798398497	5.740748882
0.799577859	5.707328796
0.799580209	5.706451893
0.801931404	5.731177807
0.803110542	5.71067667
0.804287707	5.705379486
0.805464505	5.746078491
0.806641293	5.741987705
0.807820431	5.712860584
0.808997219	5.715991974
0.810174027	5.705155373
0.811353145	5.707634449
0.811355576	5.707658291
0.81370844	5.699023724
0.814885228	5.686168194
0.816062016	5.698981285
0.817241297	5.710850716
0.818418461	5.700343609
0.819596419	5.65768671
0.820773207	5.672421455
0.821951857	5.684754849
0.823128838	5.711663723
0.82430703	5.652228832
0.825483919	5.651933193
0.826660707	5.744253159
0.827841015	5.756915569
0.829015484	5.705090046
0.830193014	5.708282948
0.831372152	5.627344608
0.83254894	5.690096855
0.833726898	5.67083025
0.834903686	5.648149967
0.836081563	5.654241085
0.837258432	5.702978134
0.83843757	5.798518658
0.839614358	5.664749622
0.840791177	5.631278992
0.840793527	5.631670475
0.843147805	5.658476353
0.844324593	5.666642666
0.84550255	5.642177105
0.846681719	5.670949459
0.846684069	5.670698166
0.849035448	5.656188965
0.850212236	5.606340408
0.851391394	5.634654522
0.852568182	5.629459858
0.852570542	5.630053043
0.85492247	5.597537518
0.856101608	5.610429764
0.857277216	5.571944237
0.858456374	5.624559403
0.859633111	5.586204529
0.860809899	5.595710278
0.861989037	5.606922627
0.863165825	5.585818768
0.864342613	5.616014481
0.865520754	5.575009823
0.866699892	5.553409576
0.86787668	5.557123661
0.869053468	5.614455223
0.870232627	5.584583759
0.87141147	5.58569622
0.872585908	5.557578564
0.873765046	5.59586525
0.874941834	5.583752155
0.876118805	5.552253723
0.877299357	5.54762125
0.878474385	5.523970127
0.879651203	5.543177605
0.880830311	5.570810318
0.882007129	5.548809528
0.883184385	5.499496937
0.884361458	5.543543339
0.885540596	5.576776028
0.886718483	5.561326981
0.887895322	5.53938818
0.887897672	5.539280891
0.890250291	5.546873093
0.891427181	5.717637539
0.892604579	5.522563934
0.893783748	5.501342297
0.894960241	5.503224373
0.896137578	5.530109882
0.897316716	5.504441738
0.898492324	5.529012203
0.899671472	5.555805683
0.90084883	5.566122055
0.902026788	5.484362125
0.903205947	5.557887077
0.904380384	5.529492855
0.905559553	5.464143753
0.906736799	5.477113724
0.907913637	5.492607117
0.909092776	5.451089382
0.910269564	5.467166901
0.911446392	5.458080769
0.912623322	5.508171082
0.913801789	5.446297169
0.914978577	5.434795857
0.916157715	5.417928219
0.917334534	5.444177151
0.918513275	5.452721119
0.919690063	5.410526753
0.920866851	5.391686916
0.922045989	5.420209408
0.923222807	5.433073044
0.924399341	5.385964871
0.925578479	5.398735523
0.926757607	5.464020729
0.927932055	5.430487633
0.929109809	5.389082909
0.930287035	5.387653828
0.931466173	5.360458851
0.932642951	5.403101444
0.933819739	5.397357464
0.934998409	5.392985821
0.936177822	5.53375721
0.93735461	5.380339146
0.938531397	5.384913921
0.939708185	5.395341873
0.940887323	5.375052452
0.942065719	5.401756764
0.943241327	5.402182579
0.944418542	5.43059969
0.94559768	5.40114212
0.946774498	5.437957764
0.946776849	5.438229561
0.946776849	5.438229561
0.950306978	5.35540247
0.951484234	5.399531364
0.952661022	5.359141827
0.95383897	5.343269825
0.955016134	5.357039452
0.956195273	5.360029221
0.95737206	5.345901489
0.958548899	5.347476482
0.95972821	5.358735085
0.960904998	5.36890316
0.962081786	5.330999374
0.963260924	5.344347477
0.964437712	5.325873852
0.965617268	5.346287251
0.966794055	5.310011387
0.967970843	5.315227985
0.969147987	5.328339577
0.970324806	5.343241692
0.971503751	5.304880619
0.972681037	5.27655983
0.973857825	5.256009579
0.975036963	5.316468239
0.976213761	5.283680916
0.976216112	5.283778191
0.978569199	5.253503799
0.979745987	5.300513744
0.980925125	5.265408993
0.982101954	5.243238449
0.982104426	5.243319511
0.98445732	5.260788441
0.985634108	5.252765179
0.986810896	5.214342117
0.987990054	5.245662689
0.98916612	5.228000164
0.990345258	5.247150421
0.991522158	5.194894314
0.992698946	5.234698772
0.99387842	5.194325447
0.99388077	5.194567204
0.996233685	5.183533192
0.997410472	5.196053028
0.99858726	5.203065872
0.999764313	5.214399338
1.000943726	5.1496768
1.002120514	5.190805435
1.003297301	5.147922993
1.004474445	5.170344353
1.005653594	5.108067989
1.006830626	5.175361157
1.008007414	5.13193655
1.009186837	5.117883205
1.010363625	5.111441135
1.011540413	5.142216206
1.012720558	5.140474796
1.01389526	5.123862743
1.015074612	5.142895222
1.0162514	5.104438782
1.017430538	5.120005608
1.018607245	5.07861948
1.019786424	5.063940048
1.020960861	5.050237656
1.022138819	5.073935509
1.023317957	5.09573698
1.023320308	5.094860554
1.025671472	5.061351299
1.0268506	5.086699963
1.028027388	5.059011936
1.02920556	5.070735455
1.02920794	5.071332932
1.02920794	5.071332932
1.032738538	5.073207855
1.033915438	5.030763149
1.035094952	5.013578892
1.036269329	5.032186031
1.037448467	5.025615692
1.038625255	5.02955246
1.039802043	5.016590595
1.040981181	5.001040936
1.042158335	5.016707897
1.043336293	5.030117989
1.04451361	4.989612579
1.045690398	4.958625794
1.046869536	4.965444565
1.046871887	4.964766502
1.049223102	4.997833252
1.050400378	4.956019878
1.051579516	4.971862793
1.052756335	4.968348503
1.053935412	4.940372467
1.055112566	4.928129673
1.056289354	4.975720882
1.057466142	4.912686825
1.05864528	4.885212421
1.059822587	4.850775719
1.060999375	4.842233658
1.062176163	4.859238148
1.063355291	5.557706833
1.064532587	4.787891388
1.065710352	4.80235672
1.06688714	4.79348135
1.068063928	4.814218044
1.06924213	4.764554501
1.070419182	4.776790142
1.070421533	4.77690506
1.072774091	4.767704487
1.073953229	4.71999073
1.07513074	4.743648529
1.076307507	4.703490734
1.077486228	4.70663929
1.078665366	4.65427208
1.079839804	4.676437378
1.081018942	4.65205574
1.082198101	4.644573689
1.083372823	4.67959404
1.084551961	4.642989636
1.085728749	4.603467464
1.086905527	4.605548382
1.088084716	4.5559659
1.089260924	4.574202538
1.090437712	4.537714005
1.09161685	4.543541431
1.092793638	4.529443741
1.093970426	4.473722935
1.095149666	4.481631756
1.096327624	4.477640629
1.097504412	4.485823631
1.098681199	4.48279047
1.099860979	4.455007553
1.101037278	4.455442429
1.102214066	4.438653469
1.103393194	4.412475586
1.104569982	4.387054443
1.10574678	4.37793684
1.106923761	4.353734493
1.108102899	4.354092121
1.109279687	4.388223171
1.110458815	4.34463501
1.111635156	4.323628426
1.112813246	4.304242611
1.113990024	4.305069923
1.115166811	4.280347347
1.11634713	4.268131733
1.117523938	4.191366673
1.118701642	4.212776661
1.11987843	4.236172199
1.121055217	4.222784042
1.122234356	4.194171429
1.123411439	4.216364384
1.124587789	4.209545612
1.125766927	4.176723003
1.126943715	4.126408577
1.128122365	4.139051437
1.129299183	4.152915955
1.130476317	4.118038654
1.131653105	4.093328953
1.132832243	4.108324051
1.134009031	4.105619907
1.135188627	4.077562809
1.135190977	4.077536106
1.137542213	4.070859909
1.138718991	4.037112713
1.139898129	4.080887795
1.141074947	4.044270992
1.141077298	4.044857025
1.143428971	4.018641949
1.144608109	4.02441597
1.145784897	4.012454987
1.146962906	3.945708752
1.146963944	3.945695877
1.149317499	3.959489346
1.150494287	3.999107838
1.151673425	3.940416813
1.152850539	3.932350397
1.154027611	3.897349596
1.15520675	3.936188936
1.156383537	3.877739668
1.157561495	3.878448248
1.158738304	3.863503456
1.159916801	3.897363663
1.161093579	3.838816404
1.162270366	3.860417843
1.163448335	3.840680599
1.164625336	3.881779194
1.165804291	3.897287846
1.166981079	3.883671045
1.168157867	3.820392132
1.169335825	3.861096859
1.170515024	3.856950522
1.170517374	3.858396292
1.172868274	3.808199883
1.174047413	3.820330381
1.1752242	3.838331223
1.176400988	3.794636726
1.177578712	3.822276354
1.17875785	3.814203262
1.179934638	3.806467533
1.181111426	3.793062925
1.182290585	3.776977778
1.182292935	3.777268887
1.18464589	3.791860342
1.185822749	3.766370058
1.186999537	3.777519941
1.188178686	3.69153142
1.189356206	3.806955099
1.190534164	3.761166573
1.191710952	3.760284424
1.19288774	3.731035233
1.19406465	3.726251602
1.195242628	3.734111071
1.196421766	3.760443687
1.197598554	3.743574381
1.198775342	3.74605751
1.199952751	3.710782528
1.201130821	3.723387003
1.202309959	3.679680109
1.203487174	3.750717878
1.204663962	3.719019413
1.20584074	3.741644144
1.20584309	3.741798639
1.208196228	3.699497938
1.209375387	3.678913832
1.210552154	3.724326611
1.211729522	3.710687161
1.212906585	3.69701314
1.214083474	3.66016531
1.215262612	3.690032482
1.2164394	3.700069189
1.217616259	3.698369503
1.218794044	3.661380291
1.219971422	3.673359871
1.221150561	3.656139851
1.222327745	3.662728548
1.223507067	3.637036562
1.223509397	3.637814283
1.225861131	3.659178972
1.227037919	3.625719786
1.228215561	3.629594326
1.229392746	3.567199469
1.23057047	3.651837349
1.231747237	3.63530016
1.232926376	3.635205269
1.234103164	3.596480608
1.235282302	3.649003506
1.23645792	3.602167845
1.237637129	3.650601149
1.238813917	3.639003515
1.239992404	3.615336418
1.241169253	3.641917944
1.242345573	3.652590752
1.243524762	3.594317913
1.24470155	3.609632254
1.245879508	3.592020273
1.247056296	3.618363619
1.248234833	3.610141993
1.249411652	3.584700108
1.250588409	3.569411516
1.251767547	3.594407797
1.252944661	3.617424488
1.254122344	3.560516596
1.255302093	3.627090931
1.25647653	3.600184441
1.257655669	3.592613936
1.258834858	3.579390764
1.258837208	3.578859091
1.261188728	3.580245018
1.262364336	3.597347021
1.263542711	3.56760335
1.26471953	3.589783669
1.26472187	3.59006381
1.267077775	3.625288963
1.268253393	3.569727898
1.269430181	3.595516682
1.270609737	3.578902245
1.271786311	3.602077723
1.272963099	3.577860355
1.274142237	3.56810379
1.275319025	3.58297658
1.27649743	3.632488966
1.277672987	3.641886234
1.278852125	3.580933332
1.280028913	3.66595602
1.281206881	3.626364708
1.28238369	3.554555655
1.28238603	3.554530859
1.28474162	3.613894701
1.285916058	3.560463667
1.287095196	3.533155918
1.288272035	3.558828592
1.28944928	3.557803392
1.290626068	3.505106211
1.291805206	3.542769432
1.292981994	3.587642908
1.294161133	3.585374117
1.295336934	3.5661695
1.296516072	3.494219542
1.297692961	3.489540815
1.298869749	3.502126217
1.300048908	3.494502544
1.301226143	3.521314383
1.302402931	3.504499197
1.303579719	3.53865552
1.304757677	3.704676867
1.305936846	3.605855227
1.307112576	3.591098547
1.308291714	3.602841616
1.309468502	3.509877443
1.310645646	3.59789443
1.31182398	3.510285854
1.31182633	3.510750055
1.314179194	3.565777779
1.315356297	3.536843538
1.316533085	3.518560648
1.317712223	3.492159843
1.317714584	3.492572784
1.320065962	3.529683352
1.3212451	3.612560034
1.32242201	3.492982388
1.323598839	3.582020044
1.323601179	3.581636429
1.325955528	3.544336557
1.327132316	3.533750296
1.328309104	3.525397062
1.329488272	3.526841164
1.330664256	3.539385319
1.331843476	3.470784903
1.333020264	3.484937191
1.334198222	3.511438131
1.33537504	3.479192734
1.335377391	3.479310274
1.337730804	3.489653349
1.338907591	3.460524082
1.340085651	3.499691248
1.34126308	3.47408247
1.342440356	3.443285465
1.343617144	3.465305805
1.344796618	3.515222073
1.345975756	3.50446558
1.347151669	3.504879952
1.34832863	3.491780043
1.349505906	3.538780451
1.350682898	3.481761932
1.351860622	3.540082216
1.35303979	3.541172981
1.354217463	3.499828339
1.355394333	3.536455154
1.356571121	3.500167131
1.357750259	3.457647324
1.358927108	3.599423885
1.360105432	3.554651499
1.361282291	3.474672079
1.362459079	3.543502569
1.363638217	3.472630262
1.364815036	3.493717194
1.364817386	3.49324441
1.367168866	3.50588131
1.368348004	3.456186295
1.369524873	3.521491528
1.370701671	3.549206734
1.371882061	3.489362955
1.373058188	3.515347481
1.374234975	3.477282047
1.375411763	3.50196743
1.376590932	3.47811842
1.376593292	3.478234291
1.378945403	3.447928906
1.380122191	3.476043224
1.381301329	3.455570459
1.382480467	3.508438587
1.383658252	3.434963465
1.384834644	3.451203108
1.386011431	3.423676729
1.387188219	3.453770161
1.388367398	3.417292595
1.389544593	3.428430319
1.390722561	3.477357388
1.391899349	3.431823731
1.393077307	3.50639534
1.394254349	3.408795118
1.395432572	3.450119495
1.39660936	3.423317432
1.397786575	3.418049812
1.398963363	3.387708902
1.400142501	3.476955175
1.400144861	3.477098227
1.402497481	3.427062988
1.40367434	3.40784502
1.404853498	3.404005289
1.406030276	3.393803358
1.407207166	3.431479454
1.408383954	3.421621323
1.409563092	3.437024832
1.41073988	3.486606836
1.411916698	3.463825226
1.413097698	3.376951695
1.414272248	3.521216631
1.415451386	3.398375034
1.416630524	3.38783145
1.417804992	3.393339396
1.418982258	3.389082432
1.420160735	3.40424633
1.421337523	3.450902462
1.422516661	3.40067482
1.423693459	3.39206028
1.424871021	3.360268593
1.426047809	3.374218464
1.427227394	3.386918306
1.428404182	3.342292547
1.42958098	3.358917236
1.430761289	3.333519459
1.431935726	3.368442059
1.433114864	3.336730957
1.434292822	3.348535061
1.435469631	3.347485066
1.435471981	3.348101616
1.437823949	3.464233875
1.439003087	3.336816311
1.440180689	3.316018581
1.441357477	3.300929546
1.442535811	3.308338404
1.443712599	3.300229549
1.444889387	3.300793409
1.446068525	3.303190231
1.447245496	3.30167675
1.448423332	3.30111742
1.449600151	3.291620731
1.450777488	3.303836107
1.451956626	3.301715374
1.453133445	3.294255257
1.454311169	3.297324657
1.455487956	3.293991804
1.456664744	3.3030231
1.457843872	3.300494194
1.459020711	3.313048363
1.460199951	3.310070992
1.461376729	3.313798428
1.462553517	3.31799674
1.463730305	3.306555748
1.464909453	3.301156998
1.466087299	3.309459686
1.467264087	3.304678202
1.468440875	3.298391342
1.46961928	3.296437264
1.470796119	3.294574022
1.47079849	3.294037104
1.473151974	3.301661015
1.474328782	3.57521224
1.475507157	3.30351305
1.476684027	3.44323349
1.477862117	3.417129517
1.479038905	3.428537846
1.480218552	3.480390072
1.48139534	3.451156378
1.482572239	3.45302248
1.48257459	3.452686548
1.484927616	3.525452375
1.486104923	3.562285423
1.487284041	3.597521305
1.488460829	3.708918095
1.488463179	3.710116863
1.490815574	3.784131527
1.491992586	3.461024523
1.493171724	3.478145599
1.494349041	3.631662607
1.4955259	3.787492037
1.496702688	3.49832058
1.497881827	3.502458096
1.499058614	3.479088068
1.50023818	3.478228569
1.500240642	3.478692532
1.502590565	3.275080204
1.503769704	3.270805359
1.504946491	3.269386768
1.50612333	3.27176857
1.507301258	3.274579763
1.508480396	3.283343554
1.509657245	3.286642075
1.510834175	3.294301748
1.512013435	3.289547205
1.513188697	3.293633699
1.514367835	3.28611517
1.515544623	3.280367851
1.516721411	3.280802727
1.51790058	3.285726309
1.519078375	3.283731937
1.520255163	3.288231611
1.521432439	3.279936791
1.522610397	3.397729635
1.523788375	3.584148884
1.524966527	3.6469872
1.526143315	3.572680235
1.527320102	3.735845566
1.52849923	3.659350395
1.529676079	3.745378733
1.530854444	3.31485486
1.532031232	3.302759647
1.53320801	3.318041563
1.534387148	3.310446978
1.535563967	3.316121817
1.535566317	3.316231966
1.537919699	3.286284447
1.539096487	3.283934832
1.540274445	3.283182144
1.541451833	3.284963369
1.542631155	3.277677059
1.543806345	3.27038002
1.544983133	3.266534805
1.546162312	3.271114826
1.5473391	3.282304525
1.548517821	3.284084797
1.549693439	3.283058643
1.550872567	3.362545729
1.552049355	3.388276815
1.553226173	3.315359354
1.553228523	3.315172434
1.555581804	3.300880432
1.556760942	3.289661646
1.55793773	3.279779673
1.559114976	3.285580635
1.559117326	3.285215139
1.561614736	3.418181181
1.562650111	3.283614159
1.563824549	3.28548193
1.565003697	3.287809372
1.566181635	3.283536911
1.567358423	3.2886796
1.568535211	3.287170172
1.569712426	3.294836283
1.570891971	3.29118371
1.572070875	3.2918818
1.573245313	3.284300327
1.574424451	3.272891522
1.575602409	3.278128624
1.576778057	3.280644655
1.57745654	3.279633761
